Map from character to field name
A:	1989
B:	1990
C:	1991
D:	1992
E:	1998
F:	2000
G:	2005
H:	2006
I:	2007
J:	2008
K:	2009
L:	2012
M:	2016
N:	2017
O:	2018
P:	2019
Q:	2020
R:	?


Substitution rate (mu): 90.271076

Equilibrium frequencies (pi_i):
  A: 0.0554
  B: 0.0682
  C: 0.0533
  D: 0.0505
  E: 0.0591
  F: 0.0591
  G: 0.0559
  H: 0.0568
  I: 0.0571
  J: 0.0568
  K: 0.0587
  L: 0.0578
  M: 0.0582
  N: 0.0689
  O: 0.0645
  P: 0.0608
  Q: 0.0588

Symmetrized rates from j->i (W_ij):
	A	B	C	D	E	F	G	H	I	J	K	L	M	N	O	P	Q
  A	0	1.3754	0.9123	0.9557	0.8962	0.8962	0.9348	0.8998	0.916	0.8974	0.9136	0.8965	0.8969	0.8949	0.9052	0.8967	0.8979
  B	1.3754	0	1.8929	2.5277	1.0089	1.0089	1.5145	1.3903	1.0894	1.0655	1.0284	1.0073	1.0299	1.3758	1.0384	1.0128	1.0137
  C	0.9123	1.8929	0	1.1045	0.8966	0.8966	0.9318	0.8966	0.9105	0.8979	0.9521	0.897	0.9015	0.9187	1.162	0.9056	0.9062
  D	0.9557	2.5277	1.1045	0	0.931	0.931	0.9679	0.9326	1.3147	0.9313	0.9465	0.9304	0.9307	0.9382	0.9427	0.9324	0.9322
  E	0.8962	1.0089	0.8966	0.931	0	1.709	0.9218	0.8819	0.8956	1.1171	0.9	0.8816	0.8804	0.8745	0.8893	0.8809	0.8821
  F	0.8962	1.0089	0.8966	0.931	1.709	0	0.9218	0.8819	0.8956	1.1171	0.9	0.8816	0.8804	0.8745	0.8893	0.8809	0.8821
  G	0.9348	1.5145	0.9318	0.9679	0.9218	0.9218	0	1.719	0.9322	1.5514	0.9344	0.9168	0.9168	0.9189	0.9278	0.9181	0.9185
  H	0.8998	1.3903	0.8966	0.9326	0.8819	0.8819	1.719	0	0.8969	0.8863	0.8998	0.8823	0.8813	0.8762	0.8891	0.8817	0.8829
  I	0.916	1.0894	0.9105	1.3147	0.8956	0.8956	0.9322	0.8969	0	0.8966	0.9136	0.8959	0.8958	0.8921	0.9048	0.8961	0.8972
  J	0.8974	1.0655	0.8979	0.9313	1.1171	1.1171	1.5514	0.8863	0.8966	0	0.9004	0.8827	0.8817	0.8764	0.8904	0.8821	0.8833
  K	0.9136	1.0284	0.9521	0.9465	0.9	0.9	0.9344	0.8998	0.9136	0.9004	0	0.9001	0.8996	0.8968	1.3697	0.9018	0.9186
  L	0.8965	1.0073	0.897	0.9304	0.8816	0.8816	0.9168	0.8823	0.8959	0.8827	0.9001	0	1.1817	1.1326	0.8898	0.8813	0.8826
  M	0.8969	1.0299	0.9015	0.9307	0.8804	0.8804	0.9168	0.8813	0.8958	0.8817	0.8996	1.1817	0	5.0334	1.3344	0.8804	1.4771
  N	0.8949	1.3758	0.9187	0.9382	0.8745	0.8745	0.9189	0.8762	0.8921	0.8764	0.8968	1.1326	5.0334	0	1.1766	0.8748	1.3426
  O	0.9052	1.0384	1.162	0.9427	0.8893	0.8893	0.9278	0.8891	0.9048	0.8904	1.3697	0.8898	1.3344	1.1766	0	2.2169	2.227
  P	0.8967	1.0128	0.9056	0.9324	0.8809	0.8809	0.9181	0.8817	0.8961	0.8821	0.9018	0.8813	0.8804	0.8748	2.2169	0	2.1575
  Q	0.8979	1.0137	0.9062	0.9322	0.8821	0.8821	0.9185	0.8829	0.8972	0.8833	0.9186	0.8826	1.4771	1.3426	2.227	2.1575	0

Actual rates from j->i (Q_ij):
	A	B	C	D	E	F	G	H	I	J	K	L	M	N	O	P	Q
  A	0	0.0762	0.0505	0.0529	0.0496	0.0496	0.0518	0.0498	0.0507	0.0497	0.0506	0.0496	0.0497	0.0496	0.0501	0.0497	0.0497
  B	0.0938	0	0.1291	0.1724	0.0688	0.0688	0.1033	0.0948	0.0743	0.0727	0.0702	0.0687	0.0703	0.0938	0.0708	0.0691	0.0691
  C	0.0486	0.1008	0	0.0588	0.0478	0.0478	0.0496	0.0478	0.0485	0.0478	0.0507	0.0478	0.048	0.0489	0.0619	0.0482	0.0483
  D	0.0483	0.1277	0.0558	0	0.047	0.047	0.0489	0.0471	0.0664	0.047	0.0478	0.047	0.047	0.0474	0.0476	0.0471	0.0471
  E	0.053	0.0596	0.053	0.055	0	0.101	0.0545	0.0521	0.0529	0.066	0.0532	0.0521	0.052	0.0517	0.0526	0.0521	0.0521
  F	0.053	0.0596	0.053	0.055	0.101	0	0.0545	0.0521	0.0529	0.066	0.0532	0.0521	0.052	0.0517	0.0526	0.0521	0.0521
  G	0.0523	0.0847	0.0521	0.0541	0.0516	0.0516	0	0.0962	0.0521	0.0868	0.0523	0.0513	0.0513	0.0514	0.0519	0.0514	0.0514
  H	0.0511	0.079	0.0509	0.053	0.0501	0.0501	0.0976	0	0.0509	0.0503	0.0511	0.0501	0.0501	0.0498	0.0505	0.0501	0.0501
  I	0.0523	0.0622	0.052	0.075	0.0511	0.0511	0.0532	0.0512	0	0.0512	0.0521	0.0511	0.0511	0.0509	0.0516	0.0511	0.0512
  J	0.051	0.0606	0.051	0.0529	0.0635	0.0635	0.0882	0.0504	0.051	0	0.0512	0.0502	0.0501	0.0498	0.0506	0.0501	0.0502
  K	0.0536	0.0604	0.0559	0.0555	0.0528	0.0528	0.0548	0.0528	0.0536	0.0528	0	0.0528	0.0528	0.0526	0.0804	0.0529	0.0539
  L	0.0518	0.0582	0.0519	0.0538	0.051	0.051	0.053	0.051	0.0518	0.051	0.052	0	0.0683	0.0655	0.0514	0.051	0.051
  M	0.0522	0.06	0.0525	0.0542	0.0513	0.0513	0.0534	0.0513	0.0522	0.0513	0.0524	0.0688	0	0.2931	0.0777	0.0513	0.086
  N	0.0617	0.0948	0.0633	0.0647	0.0603	0.0603	0.0633	0.0604	0.0615	0.0604	0.0618	0.0781	0.347	0	0.0811	0.0603	0.0925
  O	0.0584	0.067	0.0749	0.0608	0.0573	0.0573	0.0598	0.0573	0.0583	0.0574	0.0883	0.0574	0.086	0.0759	0	0.143	0.1436
  P	0.0545	0.0616	0.0551	0.0567	0.0536	0.0536	0.0558	0.0536	0.0545	0.0536	0.0548	0.0536	0.0535	0.0532	0.1348	0	0.1312
  Q	0.0528	0.0596	0.0533	0.0548	0.0519	0.0519	0.054	0.0519	0.0528	0.052	0.054	0.0519	0.0869	0.079	0.131	0.1269	0
